beam length

0.0
500.0
1000.0
1500.0
2000.0
2500.0
3000.0
3500.0
4000.0
4500.0
5000.0
5500.0
6000.0
6500.0
7000.0
7500.0
8000.0
8500.0
9000.0
9500.0
10000.0
10500.0
11000.0
11500.0
12000.0
12500.0
13000.0
13500.0
14000.0
14500.0
15000.0
15500.0
16000.0
16500.0
17000.0
17500.0
18000.0
18500.0
19000.0
19500.0
20000.0
20500.0
21000.0

displacements

0.0
-0.06
-0.188
-0.324
-0.429
-0.485
-0.483
-0.419
-0.288
-0.108
0.0
-0.061
-0.215
-0.356
-0.402
-0.311
-0.146
-0.005
0.0
-0.206
-0.552
-0.93
-1.249
-1.444
-1.478
-1.345
-1.069
-0.701
-0.326
-0.051
0.0
-0.261
-0.772
-1.432
-2.14
-2.795
-3.297
-3.546
-3.451
-2.962
-2.152
-1.129
0.0

Bending moment

4974183.98
2179678.786
135173.592
-1159331.602
-1766336.796
-1935841.99
-2105347.184
-2274852.378
-2444357.572
2386137.235
7279132.041
2990285.953
-548560.134
-3337406.221
-5376252.308
-2665098.396
733555.517
4569709.43
8405863.343
4691276.883
1060023.757
-2154562.702
-4369149.161
-5583735.621
-5798322.08
-5012908.539
-3227494.998
-442081.458
3259998.75
7545412.29
11830825.831
8428257.012
5025688.193
1623119.373
-1779449.446
-5182018.265
-8542920.418
-11695489.237
-14389724.723
-10792293.542
-7194862.361
-3597431.181
-0.0